acoeff_md(0)=6.4850604087839014e-01
acoeff_md(1)=3.6279799870602336e-12
acoeff_md(2)=2.0743547829879826e-11
acoeff_md(3)=1.2478276614820847e-10
acoeff_md(4)=7.5635579706377587e-10
acoeff_md(5)=4.5878253723142989e-09
acoeff_md(6)=2.7830157021450695e-08
acoeff_md(7)=1.6882119507840049e-07
acoeff_md(8)=1.0240909311332627e-06
acoeff_md(9)=6.2122678183206830e-06
acoeff_md(10)=3.7684495193036675e-05
acoeff_md(11)=2.2860459967530310e-04
acoeff_md(12)=1.3871227068807282e-03
acoeff_md(13)=8.4398743673200199e-03
acoeff_md(14)=5.2936835342681260e-02
acoeff_md(15)=4.6836957531388274e-01
bcoeff_md(1)=7.2190246245103699e-16
bcoeff_md(2)=1.2287943939966825e-14
bcoeff_md(3)=1.4080010963248711e-13
bcoeff_md(4)=1.5626106792756075e-12
bcoeff_md(5)=1.7292437847048868e-11
bcoeff_md(6)=1.9131519225159805e-10
bcoeff_md(7)=2.1165695948957138e-09
bcoeff_md(8)=2.3416109219624699e-08
bcoeff_md(9)=2.5905792328243406e-07
bcoeff_md(10)=2.8660219977147571e-06
bcoeff_md(11)=3.1707917451486140e-05
bcoeff_md(12)=3.5084673304121593e-04
bcoeff_md(13)=3.8881952827293570e-03
bcoeff_md(14)=4.3848134187507062e-02
bcoeff_md(15)=6.0686020612260205e-01

! result of 
! ./remez.exe 1 4 15 15 1.0e-15 1.0 160
!
! approximate from 1.0e-15 to 1.0
! Q=15
!Approximation to f(x) = x^(-1/4)
