acoeff_pf(0)=1.2554836875790309e+00
acoeff_pf(1)=-7.8128658083565766e-17
acoeff_pf(2)=-1.0497979460686618e-15
acoeff_pf(3)=-1.3316483913742877e-14
acoeff_pf(4)=-1.6833128170609618e-13
acoeff_pf(5)=-2.1271296644548538e-12
acoeff_pf(6)=-2.6878677891115228e-11
acoeff_pf(7)=-3.3964111125975250e-10
acoeff_pf(8)=-4.2917308491166975e-09
acoeff_pf(9)=-5.4230683730199025e-08
acoeff_pf(10)=-6.8526956636776387e-07
acoeff_pf(11)=-8.6599163047192239e-06
acoeff_pf(12)=-1.0952368381019715e-04
acoeff_pf(13)=-1.3956129829123815e-03
acoeff_pf(14)=-1.9110241954162204e-02
acoeff_pf(15)=-5.3985926912539484e-01
bcoeff_pf(1)=1.1631099630541095e-14
bcoeff_pf(2)=1.4861498507042878e-13
bcoeff_pf(3)=1.4578090766973866e-12
bcoeff_pf(4)=1.3938173215882323e-11
bcoeff_pf(5)=1.3290837590187519e-10
bcoeff_pf(6)=1.2670022670997803e-09
bcoeff_pf(7)=1.2077851768080415e-08
bcoeff_pf(8)=1.1513322807536654e-07
bcoeff_pf(9)=1.0975181559366772e-06
bcoeff_pf(10)=1.0462235754261286e-05
bcoeff_pf(11)=9.9736512178956428e-05
bcoeff_pf(12)=9.5114088475318733e-04
bcoeff_pf(13)=9.1027357364440609e-03
bcoeff_pf(14)=9.0136127573996513e-02
bcoeff_pf(15)=1.2808403737231060e+00



! approximate from 1.0e-14 to 1.0
! Q=15
!Approximation to f(x) = x^(+1/8)


